[sie][Equalizer#0#left]
band0Gain=-4.169999999999998
band10Gain=-0.21999999999999886
band11Gain=-0.21999999999999886
band1Gain=-3.460000000000001
band23Gain=-0.01
band24Gain=1.2100000000000009
band25Gain=1.2100000000000009
band26Gain=1.5700000000000003
band27Gain=1.75
band28Gain=2.469999999999999
band29Gain=1.5700000000000003
band2Gain=-3.1000000000000014
band30Gain=0.490000000000002
band3Gain=-2.740000000000002
band4Gain=-2.3800000000000026
band5Gain=-2.019999999999996
band6Gain=-1.6599999999999966
band7Gain=-0.9399999999999977
band8Gain=-0.3999999999999986
band9Gain=-0.21999999999999886

[sie][Equalizer#0#right]
band0Gain=-4.169999999999998
band10Gain=-0.21999999999999886
band11Gain=-0.21999999999999886
band1Gain=-3.460000000000001
band23Gain=-0.01
band24Gain=1.2100000000000009
band25Gain=1.2100000000000009
band26Gain=1.5700000000000003
band27Gain=1.75
band28Gain=2.469999999999999
band29Gain=1.5700000000000003
band2Gain=-3.1000000000000014
band30Gain=0.490000000000002
band3Gain=-2.740000000000002
band4Gain=-2.3800000000000026
band5Gain=-2.019999999999996
band6Gain=-1.6599999999999966
band7Gain=-0.9399999999999977
band8Gain=-0.3999999999999986
band9Gain=-0.21999999999999886
